46
1 0.5
2 0.5
3.5 0.5
4.5 0.5
5.5 0.5
4.5 1.5
3.5 1.5
2 1.5
1 1.5
7 2

5.5 2
7 2.5
5.5 2.5
4.5 2.5
4 2.5
2 2.5
1.5 2.5
0.5 2.5
7.5 3.5
6.5 3.5

5.5 3.5
4.5 3.5
2.5 3.5
1.5 3.5
0.5 3.5
1 4.5
2 4.5
3 4.5
3.5 4.5
4.0 4.5

5.5 4.5
6.5 4.5
7.5 4.5
7.5 5.5
6.5 5.5
5.5 5.5
4.5 5.5
4.0 5.5
3.0 5.5
2.0 5.5

1.0 5.5
2.5 6.5
3.0 6.5
4.0 6.5
5.0 6.5
6.0 6.5
6.5 6.5

26
0 1 7 8
1 2 6 7
2 3 5 6
3 4 10 5
10 9 11 12
5 10 12 13
6 5 13 14
8 7 16 17
17 16 23 24
16 15 22 23

13 12 20 21
12 11 19 20
19 18 32 31
20 19 31 30
21 20 30 29
23 22 27 26
24 23 26 25
25 26 39 40
26 27 38 39
27 28 37 38

30 31 34 35
31 32 33 34
39 38 42 41
38 37 43 42
37 36 44 43
36 35 45 44
35 34 46 45
